pSize: 5, PSNR: 40.20378675925077, SSIM: 0.9933516002656771, VIF: 0.898501501358736
pSize: 10, PSNR: 39.311433512740564, SSIM: 0.9921295940281696, VIF: 0.8501162870715205
pSize: 20, PSNR: 44.480549372866555, SSIM: 0.9956393601647492, VIF: 0.9020065438913069
pSize: 30, PSNR: 37.47540636749116, SSIM: 0.9856618043958055, VIF: 0.7995107243445312
