pSize: 5, PSNR: 36.62194791604318, SSIM: 0.9873393919784621, VIF: 0.8459771859912288
pSize: 10, PSNR: 36.449428282706066, SSIM: 0.9868324881121254, VIF: 0.8526863351585634
pSize: 20, PSNR: 33.81529163947504, SSIM: 0.9837306632087177, VIF: 0.8563629506918862
